0.02929
0.05602
0.08767
0.11971
0.15490
0.19146
0.22842
0.26576
0.30036
0.33280
0.35992
0.38351
0.40120
0.41516
0.42459
0.43167
0.43619
0.43993
0.44189
0.44386
0.44445
0.44622
0.44641
0.44818
0.44956
0.45133
0.45329
0.45388
0.45605
0.45487
0.45585
0.45270
0.45152
0.44681
0.44346
0.43776
0.43226
0.42754
0.42204
0.42047
0.41791
0.42224
0.42577
0.43658
0.44700
0.46253
0.47826
0.49497
0.51109
0.52504
0.53782
0.54568
0.55296
0.55472
0.55649
0.55472
0.55433
0.55256
0.55413
0.55610
0.56160
0.56809
0.57753
0.58736
0.59836
0.60937
0.62038
0.63257
0.64239
0.65399
0.66127
0.67050
0.67326
0.67640
0.67326
0.66933
0.66127
0.65183
0.64161
0.62922
0.61920
0.60623
0.59620
0.58342
0.57242
0.55964
0.54725
0.53467
0.52013
0.50676
0.49045
0.47492
0.45703
0.43816
0.41909
0.39806
0.37958
0.35933
0.34380
0.32749
0.31628
0.30567
0.29800
0.29210
0.28680
0.28346
0.27874
0.27618
0.27264
0.27029
0.26714
0.26400
0.26006
0.25515
0.24906
0.24316
0.23451
0.22901
0.21996
0.21485
0.20502
0.19775
0.18576
0.17279
0.15765
0.13937
0.12286
0.10320
0.08964
0.07470
0.06664
0.05917
0.05583
0.05425
0.05209
0.05229
0.04914
0.04816
0.04462
0.04305
0.04285
0.04325
0.04934
0.05465
0.06782
0.07883
0.09632
0.11146
0.12954
0.14546
0.15981
0.17239
0.18124
0.18812
0.19146
0.19362
0.19421
0.19362
0.19284
0.19107
0.18930
0.18714
0.18320
0.18006
0.17416
0.16964
0.16197
0.15647
0.14880
0.14271
0.13662
0.13131
0.12757
0.12463
0.12384
0.12463
0.12718
0.13269
0.13878
0.15018
0.16158
0.17908
0.19618
0.21937
0.24198
0.26930
0.29584
0.32474
0.35304
0.38154
0.40867
0.43403
0.45742
0.47728
0.49575
0.51010
0.52406
0.53507
0.54765
0.55807
0.57065
0.58323
0.59600
0.60996
0.62156
0.63375
0.64122
0.64731
0.64869
0.64652
0.64122
0.63139
0.62254
0.60937
0.60033
0.58991
0.58480
0.58008
0.57989
0.58067
0.58323
0.58559
0.58794
0.58716
0.58598
0.57930
0.57301
0.56062
0.55020
0.53625
0.52406
0.51285
0.50244
0.49595
0.48868
0.48533
0.47944
0.47452
0.46705
0.45605
0.44484
0.42695
0.41083
0.38685
0.36523
0.33692
0.30940
0.27834
0.24552
0.21328
0.17868
0.14782
0.11578
0.08865
0.06212
0.03872
0.01749
-0.00275
-0.02064
-0.03774
-0.05366
-0.06742
-0.08197
-0.09219
-0.10536
-0.11381
-0.12541
-0.13406
-0.14468
-0.15451
-0.16355
-0.17397
-0.18163
-0.19107
-0.19795
-0.20679
-0.21603
-0.22665
-0.24178
-0.25829
-0.28169
-0.30567
-0.33673
-0.36661
-0.40120
-0.43364
-0.46745
-0.49811
-0.52858
-0.55610
-0.58342
-0.60780
-0.63296
-0.65557
-0.68092
-0.70471
-0.73203
-0.75935
-0.78864
-0.81911
-0.84801
-0.87730
-0.90187
-0.92546
-0.94197
-0.95711
-0.96615
-0.97401
-0.97834
-0.98168
-0.98325
-0.98443
-0.98522
-0.98581
-0.98639
-0.98757
-0.98875
-0.99131
-0.99327
-0.99622
-0.99740
-0.99819
-0.99642
-0.99249
-0.98620
-0.97735
-0.96654
-0.95475
-0.94197
-0.92978
-0.91661
-0.90600
-0.89381
-0.88516
-0.87455
-0.86747
-0.85921
-0.85410
-0.84801
-0.84486
-0.84054
-0.83818
-0.83425
-0.83189
-0.82835
-0.82580
-0.82344
-0.82226
-0.82226
-0.82265
-0.82442
-0.82540
-0.82796
-0.82815
-0.83012
-0.82914
-0.83071
-0.82894
-0.83032
-0.82855
-0.82992
-0.82757
-0.82737
-0.82344
-0.82029
-0.81439
-0.80909
-0.80103
-0.79356
-0.78353
-0.77370
-0.76093
-0.74638
-0.72849
-0.70726
-0.68289
-0.65419
-0.62372
-0.58912
-0.55472
-0.51797
-0.48357
-0.44858
-0.41732
-0.38744
-0.36110
-0.33692
-0.31510
-0.29407
-0.27382
-0.25220
-0.23018
-0.20502
-0.17927
-0.14979
-0.12011
-0.08708
-0.05327
-0.01828