0.01926
0.05197
0.08680
0.12299
0.15851
0.19112
0.21953
0.24661
0.27738
0.31018
0.34495
0.37874
0.41020
0.43750
0.45957
0.47767
0.49417
0.51069
0.52789
0.54687
0.56632
0.58591
0.60361
0.61895
0.63119
0.64010
0.64613
0.65166
0.66062
0.67657
0.70001
0.73003
0.76434
0.80222
0.84143
0.88069
0.91734
0.94721
0.96822
0.97928
0.98193
0.97827
0.97009
0.95875
0.94476
0.92878
0.91157
0.89517
0.88099
0.86948
0.85982
0.84836
0.83047
0.80386
0.77119
0.73650
0.70552
0.68146
0.66846
0.66693
0.67539
0.68945
0.70460
0.71644
0.72237
0.72043
0.70987
0.69157
0.66629
0.63859
0.61025
0.58322
0.55727
0.53328
0.51031
0.48684
0.46016
0.42825
0.38966
0.34381
0.29364
0.24210
0.19218
0.14662
0.10673
0.07447
0.04979
0.03162
0.01787
0.00872
0.00440
0.00220
-0.00066
-0.00794
-0.02184
-0.04389
-0.07400
-0.10933
-0.14650
-0.18221
-0.21577
-0.24801
-0.27885
-0.30978
-0.34015
-0.36752
-0.38628
-0.39448
-0.39037
-0.37584
-0.35067
-0.31579
-0.27398
-0.22808
-0.18278
-0.14057
-0.10403
-0.07286
-0.04601
-0.02151
0.00064
0.01954
0.03406
0.04299
0.04469
0.03852
0.02522
0.00844
-0.01099
-0.03124
-0.05211
-0.07208
-0.09025
-0.10689
-0.12034
-0.12776
-0.12601
-0.11772
-0.10394
-0.08732
-0.07203
-0.06078
-0.05507
-0.05384
-0.05497
-0.05563
-0.05377
-0.04618
-0.03086
-0.00794
0.02281
0.06036
0.10415
0.14886
0.18807
0.21650
0.23090
0.23097
0.21936
0.20145
0.18398
0.17075
0.16508
0.16683
0.17328
0.18145
0.18904
0.19608
0.20417
0.21282
0.21936
0.22241
0.22076
0.21494
0.20398
0.19065
0.17715
0.16694
0.15931
0.15078
0.13818
0.12032
0.09496
0.06272
0.02765
-0.00532
-0.03415
-0.05918
-0.07818
-0.08907
-0.08978
-0.07846
-0.05195
-0.01028
0.04412
0.10394
0.16250
0.21338
0.25462
0.28537
0.30929
0.33041
0.35192
0.37298
0.38891
0.39640
0.39337
0.38033
0.35951
0.33533
0.31087
0.28887
0.26923
0.25183
0.23536
0.21986
0.20837
0.20303
0.20514
0.21534
0.23241
0.25545
0.28050
0.30359
0.32141
0.33178
0.33429
0.32793
0.31328
0.29192
0.26686
0.24191
0.22040
0.20388
0.19348
0.18923
0.18873
0.18958
0.18878
0.18500
0.17786
0.17009
0.16491
0.16092
0.15645
0.14870
0.13714
0.12173
0.10306
0.08399
0.06698
0.05275
0.04103
0.03127
0.02278
0.01484
0.00778
0.00156
-0.00236
-0.00622
-0.01009
-0.01546
-0.02283
-0.03221
-0.04599
-0.06459
-0.08702
-0.10866
-0.12653
-0.13806
-0.14376
-0.14447
-0.14085
-0.13438
-0.12868
-0.12615
-0.12918
-0.13880
-0.15503
-0.17562
-0.19802
-0.21757
-0.23260
-0.24165
-0.24656
-0.25046
-0.25394
-0.25878
-0.26315
-0.26762
-0.27232
-0.27899
-0.28693
-0.29499
-0.30087
-0.30392
-0.30227
-0.29570
-0.28544
-0.27355
-0.26162
-0.25292
-0.24886
-0.25134
-0.25925
-0.27006
-0.28156
-0.28979
-0.29272
-0.28740
-0.27691
-0.26344
-0.25006
-0.23848
-0.23028
-0.22591
-0.22648
-0.23092
-0.23645
-0.23884
-0.23453
-0.22175
-0.20190
-0.17746
-0.15182
-0.12830
-0.10822
-0.09108
-0.07520
-0.06069
-0.04824
-0.04046
-0.03732
-0.04006
-0.04826
-0.06215
-0.08064
-0.10394
-0.13331
-0.16978
-0.21204
-0.25888
-0.30922
-0.36137
-0.41270
-0.45829
-0.49577
-0.52432
-0.54441
-0.55930
-0.57395
-0.59236
-0.61786
-0.65007
-0.68690
-0.72636
-0.76536
-0.80279
-0.83890
-0.87367
-0.90718
-0.93577
-0.95688
-0.97174
-0.98328
-0.99169
-0.99602
-0.99654
-0.99382
-0.98881
-0.98042
-0.96903
-0.95574
-0.94249
-0.93010
-0.91647
-0.89999
-0.87889
-0.85431
-0.82775
-0.80199
-0.77821
-0.75588
-0.73655
-0.72071
-0.70764
-0.69254
-0.67392
-0.65085
-0.62446
-0.59494
-0.56287
-0.52924
-0.49488
-0.45995
-0.42473
-0.38966
-0.35499
-0.32127
-0.28977
-0.26176